-1.1027822495 -2.4802689552 -3.1876020432 -3.7292408943 -4.0554966927 -4.8066940308 -4.9589309692 -3.8263220787 
0.7418656349 0.8226492405 1.4538786411 1.6473565102 0.8480984569 -0.3633911610 -1.4060289860 -2.0226376057 
-0.3147598803 0.4829533994 0.8450127840 0.5694996715 -0.2481067181 -0.7606000304 -2.0975079536 -2.0369100571 
0.2573447227 0.7484918833 0.5635117888 0.1926603913 0.2439331710 -0.4408108592 -2.6905889511 -0.7053782344 
0.5657547712 0.6473100185 0.3760886192 0.4316748977 0.9179003835 -1.8551254272 -2.2857601643 0.6769940853 
0.3561256528 0.2665327787 -0.2250557691 0.1248892695 -0.8791135550 -3.5905478001 -0.7972604036 1.5567344427 
0.3297110796 -0.0907901525 -0.1304517388 0.3020421267 -2.7035996914 -2.4772436619 1.0578848124 1.2420420647 
0.2243229151 -0.2254193425 -0.2363350987 -1.9305959940 -3.6840512753 -0.4995267987 1.6241649389 0.8183903098 
2.3097176552 1.7465072870 0.4565038681 -0.9074635506 -1.9003819227 -2.6333665848 -3.6113381386 -4.1839427948 
3.3415985107 4.1047902107 4.6713352203 4.7722129822 3.7318997383 2.2488770485 0.0039363801 -2.2545118332 
-0.6816381216 -0.0607976131 0.3230481446 -0.3914053142 -0.9861685038 -1.0792286396 -1.4761111736 -2.0775971413 
-0.2680853009 -0.0355270021 -0.3352837563 -0.6181662083 0.1399567723 0.2929880917 -0.4368609786 -0.7975345254 
-0.6416656971 -0.8516883254 -1.8144179583 -1.9494700432 -1.9925688505 -2.4256973267 -2.8588819504 -1.0853737593 
-0.5579807162 -1.2664430141 -2.0579283237 -2.4110217094 -2.9657588005 -3.4603190422 -2.1238150597 -0.2397825420 
-0.9405852556 -1.9135588408 -2.0234010220 -2.0920000076 -2.6466889381 -2.7059988976 -0.7792685032 -0.3452221751 
-1.5055488348 -2.0492177010 -2.3955879211 -3.6612110138 -4.0907049179 -2.5521450043 -0.6111093163 -0.2185147107 
-2.7768154144 -4.0001649857 -4.7616362572 -5.3527479172 -5.6446909904 -5.4540495872 -4.6982226372 -3.3134679794 
3.6887629032 3.4991734028 2.5165426731 1.3018859625 0.1000465080 -0.5290575624 -2.1692984104 -2.4043946266 
4.0528740883 5.8806509972 6.8411321640 6.7545166016 6.5827350616 4.9721136093 2.0708386898 0.7682484984 
-3.1322505474 -3.2377042770 -3.5774004459 -3.4380404949 -2.4378395081 -2.7206101418 -2.8765065670 -0.8060167432 
-1.0789175034 -1.8091225624 -2.4858417511 -1.5095858574 -1.5765460730 -3.0251657963 -2.3625195026 -0.6576946974 
-0.5667024851 -1.0169230700 -0.9639409781 -0.3875037730 -1.8468748331 -3.1304781437 -1.4583936930 -0.3915204406 
-0.8697675467 -1.3609796762 -0.5524888635 -1.0072431564 -3.0122551918 -2.4774308205 -0.6550490260 -0.4113393128 
-1.1272783279 -1.1249252558 -0.5560606122 -1.6736109257 -2.4587061405 -0.8724810481 -0.2072251141 -0.4722455144 
0.3171754777 0.3589994907 0.0813392550 -0.1557172686 -0.8327103257 -0.3391889632 0.6001014113 -0.9408009052 
0.1710385531 0.1101416945 0.2662859857 -0.1627638787 -0.9857140183 0.1503750831 1.5512813330 -0.1031755060 
0.0862725824 0.0518404059 0.0246837102 -0.4992667139 -0.2932145894 0.9892709255 1.6999515295 -0.3822652400 
-0.3812605739 -0.8543984890 -1.6098726988 -2.5339493752 -1.9427114725 -0.5398802757 -0.9867557883 -2.3192126751 
-0.3211697340 -0.8249850869 -1.7802855968 -2.2556989193 -1.1056771278 0.1131457090 -1.8225728273 -1.9690107107 
-0.2841108143 -0.9167612791 -1.3986185789 -0.7067697644 0.6670128703 -0.0326039270 -1.5710639954 -1.2073923349 
-0.5906006098 -1.2731151581 -0.9881182909 0.1828929782 0.6327684522 -1.4605836868 -1.4287419319 -0.9489962459 
-1.0839549303 -1.4766205549 0.0707151145 1.4828758240 -0.5776616931 -1.8714593649 -1.0219026804 -1.1765636206 
-0.4457746148 -0.5867035985 -1.2537992001 -1.7777171135 -2.1231009960 -2.6387054920 -2.2807121277 -1.2754187584 
4.0132851601 3.8376796246 4.1051373482 4.8588976860 4.0431776047 2.4590597153 1.0756149292 1.0771859884 
0.3396448195 0.8825029135 1.6790270805 1.5058225393 0.3525992334 -0.0862004086 -0.1375657916 0.0459245369 
-2.3507969379 -2.7044289112 -3.2511904240 -4.3098998070 -3.9269196987 -2.5487923622 -1.7297159433 -1.6448423862 
-0.6963277459 -0.8969839811 -1.5752346516 -1.7087314129 -0.8396478295 -1.4435228109 -1.5995731354 -1.3255332708 
-0.5976798534 -0.8775177002 -1.8235113621 -1.6828753948 -1.1639076471 -1.5960353613 -1.5604586601 -0.7378522754 
-0.6241552234 -1.5821970701 -1.9199612141 -0.4895808995 -0.7869485617 -1.2713700533 -0.9701060653 -0.5981581211 
-1.1641305685 -1.8831036091 -0.8537117243 -0.0578941330 -0.8919609785 -1.3629742861 -0.5833931565 -0.5312587619 
0.5944232941 0.5548223853 0.6409680843 0.2186436653 0.1760500818 1.5126817226 1.6232230663 -0.5043784976 
0.8748805523 -0.0842800215 -0.5783969760 -1.0193586349 -0.8916118145 1.1892644167 0.5272902250 -1.9535465240 
-0.7311596274 -1.4871249199 -1.8998246193 -2.6840913296 -2.0383720398 -0.4475079775 -1.6869223118 -3.1009047031 
-1.6100388765 -1.8658012152 -2.7354834080 -3.3110218048 -1.2777441740 -0.7185145617 -1.4579918385 -1.9793682098 
-0.3704564571 -0.9664871097 -1.8514053822 -0.9808562994 0.0708556771 -0.3328878582 -1.7097471952 -1.6919748783 
-0.4348052442 -1.4465188980 -1.4808105230 0.0874630213 -0.4619652629 -1.3671433926 -1.8776042461 -1.6857672930 
-1.0144305229 -1.6362074614 -0.0707599074 0.1706235856 -0.8552171588 -1.7282601595 -1.8047150373 -0.9759461880 
-1.4940184355 -0.9677516818 1.3480507135 0.1659843922 -1.8099962473 -2.1576914787 -1.7463008165 -0.2667295635 
-4.1143794060 -5.7910895348 -6.2795047760 -5.7664499283 -4.8016834259 -4.8215641975 -3.3418676853 -0.9067969918 
0.8584252000 -1.2094818354 -3.1652946472 -3.8793215752 -4.4181995392 -6.0243773460 -6.0715923309 -3.9752669334 
3.2207658291 3.2414662838 2.6500654221 2.2462904453 1.1872416735 -0.3217092752 -1.9329292774 -2.1880207062 
1.1341389418 1.4576442242 1.6875483990 1.3770757914 0.1016097218 0.2769405246 -0.4399695396 -1.2328712940 
0.0709628463 0.1547718942 0.4026279151 -0.1956477612 -0.2843323052 -0.1078483313 -0.3594443500 -0.9792584777 
0.0463475473 0.2263341695 -0.3706838787 -1.2941975594 -0.5217583776 -0.0296792910 -0.5060170889 -1.4207173586 
0.1792469174 0.0800832957 -1.2298640013 -1.0430643559 -0.5904182792 -0.7506027818 -1.0157419443 -1.3671747446 
0.0451508723 -0.8004303575 -1.5984330177 -0.6221493483 0.1061649770 -0.5365607738 -1.4809395075 -0.7458156347 
-2.8207128048 -1.3832198381 -0.2594006658 -0.1215069145 0.1434659809 -0.1862700880 -1.0472828150 0.2655941844 
-3.2244453430 -2.0363569260 -1.1733565331 -0.9419643879 -0.3937018216 -2.6461896896 -3.6071486473 0.8576112986 
-1.9262967110 -1.5003619194 -1.3968540430 -0.8416749239 -1.0118951797 -4.7608461380 -4.8713450432 1.9291659594 
-1.2333350182 -1.2348407507 -1.0659753084 -0.7186849117 -3.5605638027 -7.2841348648 -3.5566577911 2.0591020584 
-0.2192848027 0.0247393511 0.6650507450 -0.3287300169 -4.5827403069 -5.9933176041 0.3949692249 2.8141520023 
0.1738775671 0.7262930870 0.6769064665 -2.5018801689 -5.9037261009 -1.9864984751 2.4892663956 1.3231376410 
0.4789184034 1.2049103975 -0.9506452084 -4.9518475533 -4.6271824837 1.0776902437 2.4732372761 -0.3411312103 
0.8123334646 0.6316463947 -3.5727670193 -5.9239873886 -0.5201499462 2.9682891369 0.9595413208 -1.0217415094 
1.7091211081 0.6782083511 -0.4993762374 -0.2212278247 0.1132545173 -0.1567855477 1.1125258207 1.4109727144 
0.0414881110 -1.6730589867 -1.6855356693 -0.6637608409 -1.0725359917 -0.9656757116 1.2301332951 0.4473537207 
-2.3831150532 -2.7879710197 -3.0128355026 -4.1242775917 -5.1718173027 -2.1553440094 0.1226812005 -2.9319946766 
-0.8243387938 -0.7860370278 -0.9923078418 -2.4367668629 -1.2812519073 3.1064250469 0.6738579869 -4.1790838242 
0.0669708848 0.0687021017 -0.3697863817 -0.7118164897 2.9476902485 3.1850244999 -1.9193108082 -3.5885818005 
-0.0564622656 -0.2801128030 -1.4275399446 0.4350270033 3.9726746082 -0.0444998667 -4.4120259285 -1.9574974775 
-0.0638606399 -1.2023869753 -0.8615964651 3.7799148560 2.6276502609 -3.3118305206 -3.6818461418 -0.5886952281 
-0.3341591358 -1.3906034231 1.6399258375 4.1439189911 -1.5420898199 -5.2367868423 -1.5757523775 -0.1952100396 
2.8522207737 5.1066188812 6.0251045227 5.9658036232 5.7358765602 5.6892247200 4.2033762932 1.5261362791 
-3.9607625008 -3.1311197281 -2.0580797195 -1.0901150703 0.2084546983 1.3375928402 1.2670669556 1.5458344221 
-4.6529521942 -5.7508440018 -5.9239988327 -4.4334378242 -2.7799959183 -2.8103227615 -2.4993188381 -0.5968980789 
-1.1592622995 -2.1136727333 -2.4161095619 -1.9120990038 -2.3697874546 -3.8866994381 -3.5136077404 -2.5403850079 
-0.2763838768 -0.1975803971 0.5030210614 0.1976172030 -2.1868937016 -2.7080616951 -2.0054237843 -2.0959432125 
-0.4549449682 0.2519437671 1.0268319845 -0.3054216504 -2.3525030613 -2.0035209656 -1.4945226908 -2.2180190086 
-0.0749657005 0.7894012928 0.4228108525 -1.9490782022 -2.1792359352 -1.6542835236 -1.9146662951 -1.7810178995 
0.7706686854 1.4952116013 -0.1422068328 -1.8186944723 -1.8512922525 -1.6566065550 -2.1297199726 -1.1509085894 
0.8130923510 -1.1725118160 -1.5739285946 -0.7679773569 -0.9536322355 -1.4728623629 -1.0924047232 -2.6180744171 
-0.4126875401 -2.3221759796 -1.7487567663 -0.7878793478 -1.0156509876 -0.4376340508 -0.6876343489 -3.8163750172 
-1.0535967350 -2.0674619675 -1.6954880953 -1.4749172926 -2.0660960674 -0.2639482319 -2.7064757347 -6.0681371689 
0.1787169278 0.0917376131 0.0326079167 -1.1092165709 0.1164808199 1.0489192009 -4.8319792747 -5.8602333069 
0.2525294423 0.2461397350 -0.2344070673 -0.1953346133 2.6217193604 -0.2391691953 -6.2716288567 -2.9836909771 
0.3054600358 0.0881887898 -0.6801848412 1.4767565727 1.9727814198 -4.9529399872 -5.8180289268 0.0928471610 
0.1313346028 -0.5690495968 0.2433870137 2.4901571274 -1.7882703543 -6.6643710136 -2.3372201920 2.0578658581 
-0.0652749836 -0.7936357856 2.0160162449 1.0756129026 -6.4018354416 -5.0401096344 0.9410639405 2.2366521358 
-2.2873482704 -3.6356627941 -3.4002492428 -2.5034301281 -2.1679153442 -2.4785552025 -2.0553073883 -1.4288951159 
-1.8369908333 -3.4104051590 -3.2823317051 -2.5046713352 -2.5459516048 -3.5506670475 -4.0138692856 -3.6200160980 
-0.4538734853 -1.9051004648 -2.2803947926 -2.1727106571 -2.8269326687 -4.5898609161 -6.3388409615 -5.7843236923 
2.0542695522 2.5360965729 3.1886408329 3.2658994198 1.6346977949 -1.1879279613 -3.9977993965 -3.3113639355 
0.7484838367 1.3261359930 2.1074855328 1.9728906155 0.5901021957 -1.5985451937 -3.5716249943 -1.0098001957 
0.5841482282 1.0678983927 1.3026342392 0.2576787174 -1.3922855854 -3.2825269699 -2.8056187630 0.1721276045 
0.9075248837 1.2916432619 0.7899299264 -0.9701333046 -2.6818289757 -3.5945720673 -0.9114587903 1.1196777821 
1.1814621687 1.0605565310 -0.5851461887 -2.2786436081 -3.8229322433 -2.1785252094 0.4867623150 1.0612461567 
0.0674647093 -0.5598409176 -0.1385951638 0.1828455925 0.1184267998 1.0958459377 1.5687794685 -0.6413862109 
-0.2332135290 -0.3918360472 -0.2017398775 -0.6306124330 -0.0265200548 2.0165615082 0.4318902493 -1.6467236280 
-1.1070823669 -1.5110168457 -2.0100500584 -2.1918926239 -0.2721273303 1.4231317043 -2.2154252529 -2.6721227169 
-1.5675679445 -2.2109200954 -3.5034825802 -3.1920452118 -0.2829267383 -2.0776803493 -5.2504649162 -3.1831622124 
-0.2888542116 -0.8391250372 -1.0228705406 0.9343047142 1.9750621319 -2.0208532810 -3.2381494045 -1.4726139307 
-0.2135320157 -0.7970650196 0.4338420033 3.1937270164 0.1468276232 -3.1442835331 -1.8145301342 -1.0267074108 
-0.6365670562 -0.3205776215 2.4064161777 2.0068247318 -2.1027815342 -2.3194000721 -0.9837620854 -0.9746757746 
-0.5543043017 0.9560572505 3.5319685936 -0.4366599619 -3.3450596333 -1.2631310225 -0.7899308801 -0.7696820498 
-0.3968600333 -1.3471182585 -1.4389870167 -0.9662094116 -1.0304708481 -0.8310440183 0.9571457505 0.6525236964 
-0.6086618900 -1.9948215485 -1.9442857504 -1.9877200127 -3.3342359066 -1.3510552645 1.6138244867 -1.1974037886 
-0.8803098202 -1.5006831884 -1.5442625284 -3.2528445721 -5.0213470459 0.1190319061 1.5720418692 -3.1072382927 
0.0465854667 -0.3446430564 -1.1344008446 -4.4855318069 -2.9022233486 4.0540585518 -0.1690267622 -3.7666697502 
0.8865690231 0.8675132990 -1.2434188128 -3.1710357666 2.6111817360 4.8112282753 -1.9144930840 -2.8100712299 
0.4588576257 -0.3584356904 -3.4773643017 -1.0039229393 5.9749441147 1.4915087223 -2.7873129845 -1.7607318163 
0.1901638359 -2.6395714283 -2.9037690163 3.6543340683 4.2748103142 -1.5359653234 -2.0910148621 -1.4906015396 
-1.1824233532 -3.8566420078 0.5165511370 5.7108540535 0.1363269836 -2.9141592979 -1.7376471758 -1.0601170063 
1.3274154663 2.3555459976 1.8951556683 0.9140236974 0.1496139467 -0.5600206256 -0.2189702541 -0.2899097800 
-1.3731082678 0.7451730371 1.3068997860 0.9190179110 0.0072996207 0.2088385671 1.5703371763 1.7338485718 
-3.9940133095 -3.3491864204 -2.6598260403 -2.9842045307 -3.1451463699 -2.0694043636 0.2445833832 1.7929149866 
-0.7658973932 -1.2547336817 -1.6041417122 -2.4478201866 -2.7608084679 -2.8005764484 -0.5458118916 0.2455454618 
0.1933629513 0.1701742560 -0.7014219761 -1.1358447075 -2.1424376965 -2.0229964256 0.1382168680 -0.7197332382 
-0.2061249316 -0.6283329725 -1.3056988716 -1.8913403749 -2.8739228249 -1.0465295315 -0.0081333332 -0.9513398409 
-0.3323290348 -1.1769633293 -1.4560924768 -2.2017872334 -1.8452399969 0.0655262321 -0.6083803773 -1.1902531385 
-0.5402695537 -1.1676784754 -2.1641557217 -2.2778730392 -0.2596637309 -0.5020493865 -1.3108129501 -1.1305180788 
-1.7499619722 -2.4459373951 -2.5393812656 -2.6449775696 -3.0251340866 -2.6616995335 -2.3086068630 -2.1366615295 
0.1203280613 0.5529545546 0.2920487225 -0.7279801965 -1.1845165491 -0.1296165884 -0.1453250349 -0.4791561365 
1.3033164740 1.8527864218 2.4720160961 2.8751537800 3.4285678864 3.5974352360 2.1165461540 0.7309310436 
-1.9586080313 -2.3542830944 -2.7330484390 -2.8046388626 -2.4157979488 -2.6143081188 -2.6092698574 -1.6584084034 
-0.5102328658 -0.8758682013 -1.3943734169 -1.1819403172 -0.8811139464 -1.2184503078 -1.3833459616 -0.7822204828 
-0.1191059276 -0.4948339164 -0.5215448141 0.0007330924 -0.8093954325 -1.5968899727 -1.5263855457 -0.6606187820 
-0.3540453315 -0.6074824333 -0.2894391119 -0.7181776166 -1.6491016150 -1.9314817190 -1.0080931187 -0.2658208013 
-0.5300629139 -0.4098489285 0.0561745092 -1.0459638834 -1.2530454397 -0.8261749744 -0.2705438137 -0.1612474769 
-1.5391379595 -1.6124606133 -2.5617048740 -3.0876708031 -3.2020266056 -2.6972022057 -2.6382422447 -1.8171970844 
1.3689891100 0.3860477805 -0.7386730909 -1.0203435421 -1.1823544502 -1.0225336552 -0.7993974686 -0.4002691507 
1.9993815422 1.0895093679 0.7821235061 0.3170047998 -0.4165661037 0.2924743593 1.1964879036 -0.1716457158 
0.5366779566 -0.4441620111 -1.4106305838 -2.8459420204 -2.8219938278 0.1717987657 0.6268653870 -2.4946742058 
0.0012705997 -0.7439899445 -2.3010194302 -3.6009151936 -0.8168345094 2.3120832443 -0.2440776527 -3.5574324131 
-0.3519673645 -1.3042633533 -3.0171277523 -2.0680913925 2.4614183903 2.5957920551 -1.7867491245 -2.6562881470 
-1.0068231821 -2.5030777454 -3.3304905891 0.3689112961 3.5978190899 0.3279459476 -2.9602615833 -1.1472744942 
-2.0202739239 -3.5943365097 -1.4644712210 2.9186370373 2.0035398006 -2.3505730629 -2.1573197842 -0.1818376929 
0.0585489832 1.0137088299 0.4889311194 -0.2946168184 -0.2046097666 -0.2243533432 0.1786381453 1.1533850431 
-1.8520483971 -0.6420726776 0.4295943379 0.7018450499 -0.2244209349 -0.5877240300 1.9179685116 3.8682799339 
-2.5351717472 -2.7569832802 -1.9923522472 -1.6607056856 -1.9192214012 -0.9492281675 2.4766581059 3.6205167770 
-1.0996898413 -1.9071438313 -2.8936934471 -4.1998491287 -4.1090135574 -2.1871004105 0.0345406495 -1.1371370554 
-0.2287792414 -0.2606390119 -0.9970040321 -1.8202798367 -0.9745922089 1.2255970240 0.2256267220 -1.8767987490 
-0.1739304811 -0.3617986739 -1.3870210648 -1.1364601851 0.7618652582 1.4801118374 -0.9281759262 -1.8887097836 
-0.2716491520 -1.1185321808 -1.6427788734 0.1198506057 2.1291372776 -0.0609980077 -2.0919771194 -1.4830850363 
-0.7741305828 -1.5714601278 -0.9362391829 1.2642697096 1.2370727062 -1.1976714134 -1.7422105074 -0.8522754908 
0.8328632712 0.7336789966 -0.1786762476 -0.4865804017 -0.8095068336 -0.1743359715 0.7339539528 -0.8321214914 
-0.5382826328 -0.7889726758 -1.5616146326 -2.0217206478 -2.3173308372 -0.7758483291 0.9972246289 -1.2005922794 
-0.5972083211 -1.1086033583 -1.8342535496 -2.2235419750 -2.6026716232 -0.8600122929 0.3601964116 -2.2299535275 
-0.1569427997 -0.5139979720 -1.3409039974 -2.1129059792 -2.1249666214 -0.3434755504 -0.3674010038 -3.5996661186 
-0.1645683050 -0.4932402670 -1.1924154758 -1.5125470161 -0.7386865616 0.3924308419 -1.1930795908 -3.6390774250 
-0.2330283076 -0.8578191996 -1.3958674669 -1.0317454338 -0.0873243287 -0.2913173139 -2.9089572430 -3.1443169117 
-0.6128933430 -1.2933747768 -1.2830408812 -0.1274505556 -0.1987498254 -1.7039771080 -3.0431964397 -2.5554018021 
-1.0360379219 -1.4361785650 -0.2066778839 0.8647952080 -0.8963223100 -3.7259955406 -2.9810280800 -1.4363205433 
-0.3475571573 -0.5885671377 -0.4256041050 -0.7045407295 -0.6107115746 0.0602435917 -0.4067456424 -1.0710186958 
-0.8998952508 -0.6313689947 -0.7062460780 -0.7877030373 0.0371994637 1.1066983938 -0.6347380280 -1.6224191189 
-1.5390087366 -1.6215291023 -1.9050558805 -1.8902838230 -0.8480268717 -0.8987442851 -2.9919459820 -2.1401090622 
-0.7619239092 -0.8833183050 -1.0148503780 -0.8269546628 -0.2433323115 -2.0796163082 -3.2386705875 -0.6544923186 
0.3742336929 0.3933612704 0.9594505429 2.0736334324 1.0651621819 -1.4635410309 -0.8463816643 0.5918288827 
-0.0583995953 0.1352775693 0.9863220453 0.7760596871 -1.6759521961 -2.8151738644 -0.3866475224 0.2825254500 
-0.0649409220 0.4564486742 1.2400523424 -0.6320624948 -2.7819411755 -1.2275626659 0.1891665906 0.3423068821 
0.0426931679 0.7868606448 0.4352371097 -2.3568711281 -2.5464370251 -0.2167236954 0.1989501268 0.0700837299 
-0.8071008921 -0.7902674675 0.1090819985 -0.1860369146 -0.4841720462 1.7672481537 1.1459687948 -1.4489489794 
-1.6240783930 -1.2823330164 -0.8286242485 -1.9987562895 -0.7162331343 2.3218276501 -1.3440725803 -2.9521684647 
-1.5566273928 -1.6145035028 -2.4560148716 -2.9658210278 0.2980203629 0.8022854328 -4.6013641357 -2.5855543613 
-0.6049789786 -1.0470275879 -2.3437826633 -0.5222720504 3.0617809296 -1.6197469234 -5.2524118423 -0.6562346816 
0.0649555773 -0.7685851455 -0.8012433052 2.5603079796 2.2438652515 -4.5029911995 -3.2521145344 0.6815803647 
-0.2699067295 -1.1487915516 1.3467694521 3.8196866512 -1.8813456297 -4.6760449409 -0.4072390795 0.6750496030 
-1.0445451736 -0.0108609200 3.8303401470 1.0306655169 -4.6463360786 -2.1344389915 0.6735802889 0.0915403515 
-1.1749495268 1.9665554762 3.7054545879 -3.2774662971 -4.4201922417 0.1864498407 0.3644651771 0.2089444250 
-2.0078506470 -2.1324794292 -1.1519913673 -1.2556134462 -1.8495700359 -2.0348439217 -2.4158415794 -2.4621818066 
-2.3206703663 -2.1213374138 -1.7823942900 -2.0121161938 -1.5612227917 -1.6704225540 -3.1057312489 -2.6851308346 
-0.3423684239 -0.4033506513 -0.2642628253 -0.1463125199 0.1638336927 -1.8990358114 -3.4501338005 -1.4945036173 
1.1369582415 1.4218282700 1.7237704992 2.3205058575 1.3757847548 -2.4842860699 -2.1107058525 1.2655159235 
0.3232351840 0.4324749708 0.7563123107 0.8386636972 -2.1106562614 -4.0113019943 -1.1327968836 2.2929940224 
0.2126821131 0.2290957719 1.0561871529 -0.6591051817 -4.6277623177 -3.1909587383 1.1535701752 2.7882137299 
0.2279113084 0.7481805086 0.3229822814 -3.7193593979 -4.5729608536 -0.4543448091 2.4707546234 2.1044690609 
0.5237116814 0.8604061604 -1.9619163275 -5.7721352577 -2.9998836517 1.7524222136 2.4380898476 1.2778007984 
-1.4229516983 -1.3162997961 -1.8164794445 -3.2168745995 -4.5775346756 -5.1591191292 -4.8700528145 -3.1916387081 
5.5016794205 6.8534049988 6.8258523941 6.2395982742 5.0860724449 3.4030132294 1.3767746687 1.0102974176 
1.4015842676 1.2372031212 0.3507544994 -0.6054556370 -1.5499175787 -2.4389934540 -2.0109179020 -0.5609329939 
-0.9522398114 -1.9032391310 -3.4282085896 -5.2064752579 -5.9496650696 -5.1614665985 -2.1101794243 -0.6281453371 
-0.5053479075 -1.2993065119 -2.5961613655 -3.7651078701 -4.4764413834 -2.6557393074 0.5164639950 0.0240603983 
-0.8388372660 -1.8752012253 -3.6478860378 -4.5600976944 -3.7080626488 -0.4422960877 1.1577841043 -1.0893992186 
-1.4216021299 -2.8540136814 -3.9549229145 -4.0955033302 -1.3917719126 1.7359398603 0.8734208345 -2.3718614578 
-2.3397996426 -4.2284469604 -4.6621251106 -2.7236495018 0.7832294106 1.5088925362 -1.2443277836 -2.6593556404 
-1.5019364357 -1.7168884277 -1.4910160303 -1.7457060814 -1.7651973963 -1.5194638968 -1.9574054480 -1.8933806419 
-1.2862144709 -1.2197160721 -1.2460874319 -1.3660765886 -0.6693840027 -0.8984363079 -2.0209369659 -1.7918152809 
-0.2925747633 0.2653003931 0.4380632639 0.9809311032 1.6425894499 -0.0828171074 -0.8481497169 -0.4005912542 
0.0045066308 0.0731199756 0.1376355588 0.5962812304 -0.4074063301 -1.8526980877 -1.8027505875 -0.4883504212 
-0.3039247096 -0.3178902864 0.3076257408 0.2926922441 -1.8122174740 -2.2624924183 -1.4297435284 0.7109035850 
-0.3514737189 0.2588735521 0.7779159546 -0.9457372427 -2.3609862328 -2.1982541084 -0.0137646366 0.6165634990 
-0.0880856514 0.5968548656 -0.0836994424 -2.3062102795 -2.3391916752 -1.2899265289 0.7880632877 0.0406960621 
0.3116189539 0.2579625845 -1.7474626303 -2.6726744175 -1.9223879576 0.4890524447 0.6361667514 -0.6084960699 
0.3787229657 -0.3357838988 -0.2238388658 0.1771429777 0.3204636872 0.8971031308 0.0212922953 -1.9219914675 
-0.5079354048 -0.7492765784 -0.7254720330 -0.2606566846 1.0831860304 1.9648246765 -1.0861972570 -2.8088214397 
-3.4494628906 -3.8306374550 -3.5662558079 -2.3901400566 -0.3444821537 -1.0190643072 -4.3299121857 -3.9548425674 
-2.9627997875 -3.0217697620 -2.6436808109 -0.8490110636 0.2630495429 -3.2871944904 -4.5871000290 -2.5045080185 
0.1589851081 0.1812878251 1.3050197363 3.3621594906 0.4939038754 -3.8557963371 -3.6735653877 -1.5349550247 
0.2254885435 0.4828144312 2.5024755001 2.1548461914 -3.7328393459 -5.3837795258 -3.4369163513 -0.1634443402 
0.3124749362 1.9382450581 3.6034584045 -1.1166146994 -5.4307689667 -4.2051153183 -1.6090488434 1.2658375502 
0.9921609163 3.4289598465 1.9107918739 -4.4932975769 -5.6624708176 -3.3996279240 0.1593493819 2.3140714169 
0.0432421342 -0.2382955253 -0.3586156070 -0.3299708068 -0.5816020370 -0.6365329027 -0.8472081423 -0.8304828405 
0.6379244328 0.4252133071 1.0308651924 1.2648670673 1.0295524597 0.5149012208 -0.4590793550 -0.8468205333 
-1.7689749002 -1.6006482840 -0.7564204335 -0.8756303787 -1.1395804882 -0.9039888382 -1.2394449711 -0.7923423648 
-0.9379448295 -0.4552216828 -0.1856910884 -0.4652621448 -0.5897641182 -0.7308185101 -1.5485389233 -0.7243277431 
-0.0625777990 0.0993103758 -0.1748819053 -0.5142512321 -0.1699014008 -0.9240195155 -2.1108357906 -0.3267437518 
-0.1437249780 -0.3172308505 -0.8232750297 -0.7262903452 -0.5333352089 -2.0861241817 -1.8737205267 0.7671464086 
-0.2391868234 -0.3897395134 -0.7401628494 -0.3209423125 -0.9980602264 -2.2433645725 -0.5934016109 1.3130592108 
-0.5095522404 -0.8596738577 -0.7683138251 -0.7891235948 -2.3723821640 -1.7842067480 0.8022157550 0.3746559918 
-1.6759765148 -1.5874025822 -1.2090332508 -1.4638404846 -1.7916401625 -1.7359427214 -1.5995503664 -1.5150578022 
-2.5305972099 -1.4150564671 -1.3257566690 -2.1724035740 -2.8591570854 -2.2181937695 -2.2516000271 -1.0925350189 
-0.4074704945 0.6551867723 -0.6012730598 -1.4107162952 -0.8132104278 -0.9427853823 -0.8781452775 0.6274296045 
0.4860036075 0.2040655166 -0.8625611067 -0.6199481487 -0.8997905850 -2.8276982307 -0.9573369026 1.9001687765 
0.3128976822 -0.1487739831 -0.6167749166 -0.5125382543 -3.3754575253 -4.2447743416 1.0577212572 2.4068732262 
-0.0393709540 -0.4516631067 -0.4614638388 -1.6296894550 -4.0882196426 -0.9482908249 3.8530323505 0.7885973454 
-0.2535462081 -0.4723002613 -0.5437559485 -3.2793710232 -3.5332088470 1.9367954731 2.6741554737 -0.7573198080 
-0.3519971669 -0.3056487441 -1.9382253885 -4.1785445213 -0.3922875524 3.7150642872 0.6072925925 -1.2946345806 
-0.4794168174 1.3365986347 3.1515436172 4.4892940521 5.2304291725 6.0014781952 5.4129762650 3.9234323502 
-6.3121638298 -7.6384444237 -7.8334465027 -7.1359195709 -5.3729815483 -3.7604653835 -1.8547199965 -0.4142832160 
-1.4393861294 -2.7636191845 -3.9936740398 -4.4441127777 -4.1742000580 -4.4627766609 -3.8813793659 -2.8572366238 
1.0150438547 0.9246575832 0.5450676084 0.4162896574 -0.9696270227 -1.4850405455 -2.4706995487 -2.2688364983 
0.0036182962 0.0321995243 0.1798663437 -0.2736313641 -1.4186658859 -1.5978076458 -1.7352586985 -1.5164726973 
-0.0909949541 0.0866734907 0.6010592580 -0.5036240220 -0.5102716088 -0.9384807348 -0.9285322428 -1.0314267874 
-0.0116038956 0.3272250593 -0.3972645700 -1.0772210360 -1.2546558380 -1.0166802406 -0.6870207191 -0.9106330872 
0.0764693841 0.4133670628 -0.5358527303 -0.7233501077 -1.4281893969 -1.1725431681 -0.9881917834 -0.7732753158 
-4.7350955009 -5.8127002716 -6.1908698082 -6.2200560570 -6.1585164070 -5.4664006233 -4.8851122856 -4.2654900551 
-1.1465235949 -1.8141273260 -2.7528946400 -3.4359614849 -3.8312878609 -4.0869059563 -4.7833347321 -4.0700583458 
2.8633978367 3.4986054897 3.9314482212 4.1863446236 3.3164134026 1.5122197866 -0.7522503138 -0.3852263093 
1.2331732512 1.3389081955 1.3653407097 0.9456055760 -0.0161805432 -1.2565712929 -1.3872269392 0.1223301515 
0.3948192596 0.0813481212 -0.1988776773 -0.8436706066 -1.4971730709 -1.9696862698 -0.5308545232 0.3821962178 
0.2639507651 0.1006314680 -0.2989966273 -1.3171402216 -1.9566651583 -1.2566106319 0.2969875038 0.4017394483 
0.0813847855 -0.3195589483 -1.2130112648 -2.1554007530 -2.3741574287 -0.6262549758 0.3812847137 0.3370089829 
-0.2412019670 -1.0386631489 -1.8666990995 -2.3615589142 -1.1422575712 0.1764729470 0.4797198176 0.3051306605 
0.8465251327 1.3390371799 1.6496934891 2.3077332973 2.7931811810 2.0146872997 1.2785549164 1.6851928234 
-1.1903438568 -2.4505832195 -2.8652863503 -1.8090032339 -1.2523041964 -2.1118774414 -1.5827732086 -0.3796641231 
-0.9042897820 -2.2133553028 -1.2814306021 0.0613227151 -1.0901638269 -2.5998258591 -0.8586064577 -1.2418196201 
-1.0366677046 -1.0259232521 0.0333706550 -0.0648648292 -1.7413575649 -0.9570779204 -0.2791012526 -1.8967396021 
-0.6041568518 -0.3985473216 -0.1223434806 -1.3509130478 -1.6911509037 0.7047463655 -2.4076275826 -2.7546322346 
0.0023665540 0.6276186109 0.2134787887 -0.7889950871 1.1034797430 -0.1130271107 -3.3887197971 -1.3584622145 
0.3679808974 0.7541320920 -0.6492708921 -0.3642016351 1.4903464317 -2.3564147949 -2.8260426521 0.5993180275 
0.7663989067 -0.1486740410 -1.1807969809 1.5880202055 -0.6538341045 -3.4262893200 -1.0283360481 1.3837345839 
0.9552429914 0.5896849632 0.7748432159 1.3414212465 1.0611845255 0.6886106730 0.1023271382 -0.3283004463 
-1.7638862133 -1.3211523294 -0.3213104606 -0.5328993201 -0.8124890327 -0.4454054534 0.5585865378 0.1658525914 
-1.0765322447 -0.4189130366 -0.4760302007 -0.9259263873 -1.2379311323 -0.7332572341 0.1174339950 -0.3930680752 
-0.3937512338 -0.3049093485 -0.5590720773 -0.9942203760 -1.3113547564 -1.0500856638 -1.5881196260 -0.3846991658 
0.0233073272 0.0391710512 -0.2558265924 -0.7672592998 -0.6935057044 -1.3471840620 -1.0314494371 1.4857109785 
0.0731253475 0.0382017307 -0.4749313891 -0.6740004420 -0.7447538972 -2.1597504616 0.0153794326 2.0298919678 
0.1270775050 -0.3575046360 -0.8609476686 -0.5510510206 -1.8110289574 -1.2466248274 1.6175836325 0.7385029197 
0.1801040024 -0.4030638337 -0.5277314186 -1.2632160187 -2.4816195965 0.5171477199 2.0237951279 -0.4156798124 
1.1660130024 1.1446652412 0.5341795087 0.1360875666 0.3817144334 0.8141185641 -0.5234766603 -1.2777997255 
1.1208298206 1.8767911196 1.7132478952 1.4379270077 2.2753508091 3.0137126446 1.1985340118 -0.0530351140 
-2.3875277042 -1.7619149685 -1.4709156752 -1.2761287689 0.0001220629 0.0328748412 -0.0691821426 -0.2406276762 
-2.3420321941 -2.3449368477 -2.5999414921 -2.5796589851 -2.2393999100 -2.7748005390 -1.6749979258 -0.8552393317 
-0.7238032818 -0.7985784411 -0.8333007097 -0.2846510708 -1.1262383461 -1.6240911484 -1.0363060236 -0.7851054072 
-0.6450288296 -0.5641837716 -0.1289368272 -0.7302414179 -1.8984928131 -1.6382820606 -1.1634109020 -0.6581742764 
-0.5493414998 -0.3169572651 -0.0695422366 -1.3241795301 -1.8473010063 -1.2179132700 -0.7715150118 -0.9857995510 
-0.3262554705 0.3664367795 -0.3773031533 -1.6212188005 -1.5222918987 -1.2604821920 -0.7028681040 -1.1337562799 
-0.5208050609 -0.4434249103 -0.2920051217 -1.2223416567 -1.6436225176 -0.3046245873 -0.0870421231 -1.5802111626 
0.4122647941 0.8579774499 0.5940727592 0.0324484669 0.9906985164 2.9767527580 0.2851299047 -1.4993368387 
-0.8922504783 -0.8900742531 -1.2212985754 -0.7299140096 1.9596118927 1.5055562258 -1.5567437410 -1.0450202227 
-1.0778552294 -1.6397210360 -1.8761936426 -0.4597518146 1.4827622175 -1.4710341692 -2.8652353287 -0.1064704061 
-0.0910620242 -0.6562357545 -0.2722529173 2.3730487823 0.4432227910 -2.5808899403 -1.4898048639 -0.0362295881 
-0.2582016587 -0.2319494039 1.7297909260 2.2968688011 -1.6347181797 -2.6384062767 -0.4225960672 -0.3718477488 
-0.4378959537 0.5713152289 3.0168254375 -0.1700630486 -2.7808794975 -0.9991160631 -0.2185501903 -0.1990430206 
-0.1297347397 1.7514526844 1.4517040253 -2.0028488636 -2.2493443489 -0.3353088796 -0.4788883328 0.3356181979 
-1.8285595179 -1.1699613333 -0.5452267528 0.1080526710 1.2328531742 2.3127439022 2.0491118431 0.8817701340 
-2.6321942806 -3.6658840179 -4.1176295280 -3.4905152321 -2.7290036678 -1.7739416361 -1.4740254879 -1.1591737270 
-1.3507819176 -2.1160640717 -1.8443912268 -1.2210249901 -1.5695115328 -2.0479347706 -1.6953608990 -1.5280014277 
-0.5348370671 -0.7982161641 -0.8655524850 -1.3665132523 -1.9182459116 -2.0385329723 -1.2296974659 -1.5305641890 
-0.1052747518 0.1787950099 0.3508716226 -0.2192750871 -1.1873438358 -1.2507669926 -0.6861472726 -2.4740989208 
0.2372823954 0.6688659191 0.2646502554 -0.4432004988 -1.1953417063 -0.8756713271 -1.1516764164 -2.5771298409 
0.6370509863 0.5612763762 -0.1396045834 -1.3244799376 -1.4837931395 -0.7730113864 -2.5279083252 -1.9389822483 
0.6659675241 1.0367766619 0.8505991697 -0.0650460720 -0.5672213435 -1.7002701759 -2.5009756088 -0.8466315269 
-0.8388020992 -1.5009752512 -0.6911121011 -0.3231281042 -0.3326022029 0.3228417337 -1.2475038767 -2.0666770935 
-1.4693470001 -1.8730666637 -0.8390633464 -0.9762469530 -0.5956712961 0.6770586967 -2.2548923492 -3.0907824039 
-1.5892877579 -1.3507761955 -1.1938682795 -1.7407211065 -0.2889932394 0.9661363363 -3.9691133499 -4.1671805382 
-0.4570978582 -0.5107321143 -1.1789846420 -1.1304265261 1.1292445660 0.4697027206 -5.7768931389 -3.4029362202 
-0.1483468711 -0.2052098215 -0.6207570434 0.3029517829 2.3699333668 -1.4999464750 -5.5137796402 -0.2115843892 
-0.4179248214 -0.6436874270 -0.3417622745 1.2949590683 1.2786139250 -4.4269371033 -3.2292280197 1.1968537569 
-0.6093501449 -0.4914432466 0.7348145247 1.5621190071 -1.9733018875 -4.4992747307 -0.0234601088 0.7154554129 
-0.8602431417 0.2729522586 2.1556427479 -0.5712669492 -4.7801237106 -1.9145615101 1.0959378481 -0.1098718047 
0.3277300596 1.0814099312 1.2729760408 1.2665032148 1.4972438812 0.7498665452 0.8386421800 1.4603563547 
-1.2997819185 -1.9876507521 -2.4378702641 -1.8057541847 -1.6255692244 -3.1328976154 -2.4364984035 -0.5524541140 
-1.4075605869 -2.5659823418 -3.0836932659 -2.9252319336 -3.9981322289 -5.9582414627 -4.2954874039 -1.9183803797 
0.6887777448 0.6824434996 1.1415208578 0.9433850646 -1.0989397764 -2.1900427341 -0.3320122063 -0.7350744009 
0.6060984135 0.9146873951 1.4445062876 0.9191390872 -1.3036097288 -1.1718794107 0.3167442083 -1.3979054689 
0.4731634855 0.8604496717 0.6089701653 -1.1321057081 -2.1315550804 -0.4491463900 -0.6305122972 -1.5710387230 
0.7151755691 0.7895365357 -0.2850556970 -1.9352568388 -1.1819212437 0.0048757493 -1.5483090878 -0.6705123782 
0.9604740739 0.3231516182 -1.9361312389 -2.1246476173 -0.5967561603 -1.5829639435 -1.7148557901 0.2213941664 
-4.1758880615 -4.8281364441 -5.0593647957 -5.0244750977 -4.3835430145 -4.1472845078 -3.5924198627 -2.3823571205 
-1.8087223768 -3.3940978050 -4.6464972496 -5.0093727112 -5.5835490227 -6.6235017776 -6.0528125763 -4.2266530991 
3.4383449554 3.7634148598 3.4413964748 2.5460388660 -0.1682719588 -1.9065537453 -2.0752573013 -1.6263687611 
2.6328737736 3.7606739998 4.5170993805 3.7929427624 1.9546639919 2.1271293163 2.8428583145 1.7992280722 
0.4638971090 0.6076319218 0.4238165617 -1.5144330263 -1.8805190325 -0.0371199995 1.0382441282 0.7298274636 
0.4150816500 0.3442064822 -1.1082400084 -2.7556612492 -1.7799538374 0.8940129876 0.9875336289 0.1996469498 
0.4460525513 -0.3525184095 -2.8068058491 -2.9383308887 -0.7311406136 0.4976392984 0.4113135338 -0.0110509768 
-0.0233784877 -1.9511743784 -3.1439263821 -1.9485696554 0.2651849389 0.0970265120 -0.3146476150 0.3119793832 
0.5870345831 1.6795351505 2.9171216488 2.9282455444 2.5152020454 2.3780865669 2.7050023079 2.6713695526 
-0.7563698292 -0.2112621516 0.8040519953 1.6232935190 1.8644593954 2.6293716431 2.6964280605 3.1086390018 
-3.5123841763 -4.8581562042 -5.5783181190 -5.7833218575 -5.5449151993 -4.3111724854 -2.3231980801 -0.5323958397 
-0.8312200308 -1.8361055851 -2.9991154671 -4.0075798035 -3.5460779667 -3.2014024258 -1.9045097828 -0.9464029074 
-0.0828777999 -0.2486386001 -0.5332733393 -0.7242904902 -1.1728404760 -0.7228354216 -0.5152009726 -0.8226951361 
-0.5200744867 -0.7835818529 -1.3034619093 -0.7958755493 -0.7192509174 -0.0620663688 0.0859145373 -1.1996538639 
-0.6769132614 -1.2212326527 -0.7455132008 -0.6232695580 0.2450343668 0.5429203510 -0.2951578498 -1.2854402065 
-0.7592756748 -1.0979698896 -0.4979772568 -0.2465378046 0.1126753241 0.3189934492 -1.2272437811 -1.1327766180 
3.7126610279 4.4224057198 4.7921919823 4.6598248482 4.3092098236 3.8237285614 2.5636515617 1.7224397659 
-0.6788868308 -0.0898149535 0.9252002835 1.6506282091 2.0449779034 1.9736166000 0.9916644692 0.2945783734 
-3.6046783924 -4.5963215828 -5.5742216110 -6.2078876495 -6.0174274445 -5.3219623566 -4.0782265663 -2.5401515961 
0.8419382572 0.4421683848 -0.1492056251 -0.0151884481 0.0005247071 -0.6221497655 -1.5195639133 -1.1677839756 
-0.2165885866 -0.2635412514 -0.2345046103 -0.4248764813 -1.3240842819 -1.7778592110 -1.7284320593 -0.9367033839 
-0.4887145758 -0.6826375723 -0.7351796627 -1.4135316610 -1.7551832199 -1.6943483353 -0.7903402448 -0.5089334249 
-0.6907613873 -0.6419395804 -0.5274885893 -1.2790791988 -1.4191440344 -0.6968343854 -0.4480907023 -0.7259475589 
-0.7093214393 -0.6319853067 -1.2064887285 -1.8312323093 -1.7489525080 -1.4508087635 -0.7559935451 -0.6089960933 
2.0809271336 2.4103796482 3.0054903030 3.1473872662 2.1667556763 1.1241726875 0.9780724645 0.1378848553 
0.0440713316 0.8757183552 1.5139510632 1.3501656055 0.6110995412 1.0429973602 0.8639709353 0.3273383081 
-0.2894654870 -0.9110980034 -1.2832484245 -1.5278003216 -0.2183370888 1.0617303848 -0.2593513131 -0.8044908643 
-0.1629111171 -0.7375341654 -1.5501172543 -1.0723071098 0.6690036654 -0.6832854748 -1.7118330002 -1.7837872505 
-0.2720612288 -0.5087888837 -0.9110287428 0.1708419025 0.5239183903 -0.9734712243 -1.2627696991 -1.2802865505 
-0.6337156892 -1.3454585075 -0.6887603998 1.0480713844 -0.2999112308 -1.1910581589 -1.1968495846 -0.5610215664 
-1.1226091385 -1.1201810837 0.8181312680 0.6175166965 -1.0574436188 -1.1280083656 -0.8932319880 0.0441110134 
-1.2282497883 -0.1903050095 0.8519493341 -0.8815832734 -1.4317405224 -1.2479703426 -0.4083154500 -0.2896124125 
-0.1525001228 -0.8065134287 -0.7310153246 -0.3487299085 -0.0412806496 -0.3576881886 -0.3995277286 0.1768288463 
-3.2441048622 -3.7211849689 -3.5849328041 -3.0209863186 -2.5073206425 -2.5086121559 -2.5742306709 -1.1672750711 
-3.4153680801 -4.7281332016 -5.7874941826 -5.5656995773 -5.5070862770 -5.7496423721 -4.8034605980 -3.2569484711 
1.4750605822 1.1665502787 1.2714358568 1.5224375725 -0.1536372602 -1.9687389135 -1.4365704060 -1.6011694670 
1.5029020309 1.7790875435 2.4570477009 1.6364970207 -0.9232599139 -0.7304775715 -0.4823228121 -0.6279100776 
0.9247440696 1.2720848322 1.2330294847 -0.7131634355 -2.3574485779 -0.7739527822 -0.7475920916 -0.5955614448 
1.0844467878 1.5482245684 0.4360895157 -2.1706171036 -1.4012320042 -0.5765604973 -0.5720848441 0.3306516409 
1.3574335575 0.7367798686 -2.0608904362 -3.2393586636 -1.1045122147 -0.5992701650 -0.2784888148 1.1180628538 
0.9783543944 -0.2300280184 -0.9917135239 -0.9346464276 -0.7746458650 0.1670502275 -1.1705986261 -2.1919236183 
0.2781077027 -1.6548823118 -2.8123242855 -3.3380274773 -2.7247281075 -0.7461301684 -2.4121146202 -4.0584564209 
-0.1120744720 -1.7197178602 -2.6097228527 -3.4497725964 -2.7229681015 -0.6140475869 -2.1558516026 -5.3668928146 
0.0146725122 -0.5776821971 -1.5855588913 -2.3028862476 -0.9668917656 0.8831425905 -1.5249552727 -5.4564538002 
0.0365546495 -0.5265594125 -1.3066124916 -1.5015742779 0.9216106534 2.0690326691 -2.7102780342 -4.7951107025 
-0.5096246600 -1.2154905796 -1.6713954210 -0.7804787159 1.7651400566 0.0393536240 -4.1520996094 -3.3124237061 
-1.0385053158 -1.4582793713 -1.2296793461 0.3753471971 1.4611120224 -2.7567131519 -4.2923259735 -1.7826058865 
-1.3174762726 -1.4715989828 0.2990457714 1.4483429193 -1.6135598421 -4.5182070732 -2.8744664192 -0.5980139971 
-0.0303768702 -0.1414929628 -0.3844947219 -0.3587718606 -0.2193816900 -0.5589329004 -0.9425351620 -0.5214559436 
0.0568594187 -0.4312655330 0.3156743050 1.2806307077 1.3988494873 0.0088979304 -0.1762299240 -0.3238022923 
-0.6262599230 0.0277251154 1.0327781439 1.1557204723 0.0518229827 -0.8523446321 0.0410621315 -0.3928415179 
-0.9657337070 -0.4251044095 -0.2893398106 -1.1154476404 -1.9431598186 -0.6859346628 -1.1322323084 -1.1857376099 
-0.3362399042 -0.3599450290 -0.2631152570 -1.1163500547 -1.3808656931 -1.1838246584 -2.6746051311 -0.4243776202 
-0.0027589202 0.4308202565 -0.1745122969 -1.1304996014 -0.2072616220 -2.1038107872 -1.8439075947 1.4129570723 
0.2809268236 0.2068904042 -0.9054089189 -0.5132074952 -0.7634109259 -2.4103777409 0.1960161924 1.1962212324 
0.4573247135 -0.2865229547 -0.6800211668 0.2018336952 -2.0959045887 -1.7076350451 1.3527590036 0.2271376848 
-1.2357803583 0.1454778761 -0.1646454632 -0.6175993085 0.0090871230 0.5442891121 0.9350975752 1.7446339130 
1.0069706440 0.0135863721 -1.1368525028 -0.8393889666 -0.5193206072 -0.9122637510 -0.8404583335 0.3399825692 
0.1287776530 -1.0497258902 -1.1063630581 -1.1628440619 -3.1215670109 -3.7677989006 -1.6607465744 0.2096258849 
-0.7949039936 -0.8034868836 -0.9177850485 -2.5006453991 -4.0420308113 -1.7271100283 1.8326661587 0.6785772443 
-0.0867651626 -0.1446743906 -0.7320248485 -2.5935144424 -1.9909851551 1.3980019093 2.1053268909 -0.7617054582 
0.0192083418 -0.0798474476 -1.7904256582 -2.9589128494 -0.2252758294 2.5032167435 0.7787483931 -1.7315903902 
0.0182644129 -0.9823911190 -2.9776084423 -1.4904078245 2.2624714375 2.3967502117 -0.8979009390 -1.7800797224 
-0.4966142178 -2.4730341434 -2.6421821117 1.2405529022 3.1850976944 -0.0793971866 -2.1365704536 -1.0609337091 
-0.0136980154 -0.0333183967 0.1274923831 0.0826473460 -0.0631147474 -0.0061611468 -0.5196679831 -0.6164517999 
-0.6305916905 -0.5798197985 -0.4329482019 -0.5402076840 -0.3502328396 -0.0670175180 -0.8538892865 -0.8676281571 
-1.1262911558 -1.2862229347 -1.7745505571 -1.9325107336 -1.4650766850 -2.2004075050 -3.1201264858 -1.4874179363 
-0.1896368414 -0.2567552030 -0.7186033130 -0.6206904054 -0.4220329821 -2.0109014511 -2.4627094269 -0.2257215530 
0.2264360189 0.0204302222 0.0793476030 1.0333560705 0.4332124889 -1.5296417475 -0.6206624508 1.0378673077 
-0.0106097553 -0.2156424373 0.2732830942 0.2832210064 -1.5396513939 -2.0245816708 0.0594585203 0.7373226881 
-0.1965849847 -0.0778116733 0.5923162699 -0.4892976582 -2.1324684620 -0.8831450939 0.7241252065 0.3988023400 
-0.1111914814 0.4956569672 0.1117719561 -2.0382323265 -2.0165579319 0.1366554648 0.7205625176 0.0971244797 
1.6977365017 0.9478610158 0.4359151125 0.6562105417 0.3616693318 -0.1108235493 1.4699532986 1.9580887556 
0.1970984638 0.0033332668 0.2329754233 0.3778384924 -0.6988081336 0.3858520985 2.5597910881 1.6723048687 
-2.0764722824 -2.9131474495 -2.8514027596 -3.4399158955 -3.3060159683 0.5938995481 1.2309929132 -0.7564786673 
-0.7375200987 -1.3446993828 -2.1444623470 -3.1662385464 -0.7298318148 2.2854974270 -0.1963830590 -2.8060107231 
0.0923890248 -0.2213872671 -1.3942253590 -0.9915135503 2.7534220219 2.6137959957 -1.3269525766 -3.0760066509 
0.0101425685 -1.0212851763 -1.8037428856 1.5132180452 3.8221881390 0.3098506033 -2.9217338562 -2.0006008148 
-0.5168381333 -1.7591214180 -0.1629561484 3.7914564610 2.3703379631 -1.8921900988 -3.0814900398 -0.3751642704 
-1.2692267895 -1.4442096949 2.1344270706 3.4801185131 -0.4270713925 -3.3888545036 -1.6161748171 0.4961227775 
-0.8293605447 -0.9603058696 -2.0066459179 -2.2575154305 -2.3132362366 -1.7911866903 -1.3272330761 -0.6149170399 
1.0145580769 0.5201604962 -0.8746749759 -1.6725133657 -2.3232450485 -1.4032080173 -0.7780174613 -0.2386641204 
2.4477329254 1.2561196089 0.8019096851 0.3332154453 -0.1755292416 0.7871842384 1.0813651085 -0.0442211516 
-0.1943123639 -0.9762971401 -1.7158750296 -2.9224503040 -2.6032824516 -0.6158297062 -0.0301996581 -2.7047550678 
-0.0688807666 -0.5023859739 -1.9598947763 -2.3258891106 0.1569143385 2.5045475960 0.6177280545 -3.5112974644 
0.1579095423 -0.8670804501 -1.9358806610 -0.3588056564 2.9824168682 2.6831178665 -1.7449333668 -3.9243302345 
-0.4403568506 -1.7663977146 -1.4973633289 1.5115398169 3.7057640553 0.1682361215 -3.6279795170 -2.5246403217 
-1.3208682537 -2.0781021118 0.3042328358 3.5854341984 2.5629992485 -2.4623456001 -3.4912672043 -0.8926616311 
-0.1863577664 -0.3476583958 -0.4013500810 -0.2248792350 0.0079973247 0.1806650013 0.2277290374 -0.1653721333 
-0.4198691845 -0.7876352668 -0.6683202386 -0.5779891014 -1.0347263813 -0.9361668229 -0.5480501652 -0.4641289115 
-0.3517290354 -0.4485344291 -0.2451975197 -0.3709805012 -0.4366539717 0.2752125859 -0.0968277007 -0.1780137420 
-0.1135160998 -0.0552517176 -0.2834248543 -0.5083414316 0.0191725381 0.2635200024 -0.1305447221 -0.9098076224 
0.1441028863 0.2929708362 0.1736891270 0.2111874223 0.6690667868 0.3976694942 -0.1002857238 -0.8122071028 
0.1362509131 -0.1357616633 -0.0374437347 0.3034176230 0.1784219444 0.1973188818 -0.5659976602 -0.3067073822 
-0.0098860860 -0.1758171767 0.0393673368 0.3317362070 0.1269761026 -0.4780936837 -1.0199339390 0.7150671482 
-0.1344837546 0.1449891776 0.5520479083 -0.0648053586 -0.1888006628 -0.6660888195 -0.1095467135 1.0886884928 
-0.3420714140 -2.0718896389 -2.9296922684 -2.7708976269 -2.4842705727 -2.4397127628 -2.0762674809 -1.6310551167 
-0.3312072456 -0.4981492162 -0.9041959643 -2.1220531464 -3.3156676292 -3.2388825417 -2.7457911968 -2.8448102474 
1.4876199961 2.8904047012 2.9988877773 2.6899039745 2.5481648445 3.7485938072 3.3559384346 0.1703423560 
-0.2434432358 -0.0820854902 0.1348344684 0.1939265132 1.2866563797 1.6053938866 0.2975253165 -1.1725548506 
-0.2820586860 -0.4423699379 -0.7653534412 -1.0425091982 -0.2554474175 -0.3208910227 -1.8121743202 -0.4894479215 
-0.0303802174 0.0031156279 -0.4965722263 0.3751732707 0.7703175545 -0.6044217348 -1.4713592529 -0.0801689848 
-0.0353342183 -0.2863059938 0.0569533519 0.7545214295 -0.1501943022 -2.2894949913 -0.7313814163 -0.3003794551 
-0.1504431069 -0.5390474796 0.4494357705 0.0076387115 -1.5737251043 -1.5558525324 -0.1233860999 -0.4539509714 
-0.9036138058 -1.5457830429 -1.0719581842 -1.1190578938 -1.7842674255 -1.0065284967 -0.8473209739 -1.8447141647 
-1.0209246874 -0.8912425637 -0.1261517555 -1.0017372370 -0.9828025103 0.7082635760 -0.2709340751 -2.0606939793 
-1.7404267788 -0.5677136183 -0.0918487608 -0.8292647600 0.6497191787 1.4337929487 -1.1065378189 -1.8619821072 
-1.3841818571 -0.8420084715 -1.5471304655 -1.3900856972 0.8632875681 -0.5240642428 -3.0300743580 -0.4820865393 
-0.2078838348 -0.7123943567 -1.0241441727 0.5947743058 0.6042762995 -2.9209952354 -3.6628644466 1.1851195097 
-0.6291901469 -1.3798773289 -0.3086542189 1.2041310072 -1.7274423838 -4.7307834625 -1.2493324280 2.2525529861 
-1.1682748795 -1.0166348219 1.1325321198 -0.0655647293 -3.9281167984 -3.6343026161 1.2966260910 2.0266363621 
-1.3421655893 -0.0021697059 1.2372546196 -2.4030146599 -4.8808703423 -0.4677099884 2.1489546299 0.7156300545 
